354	4

355	3

356	4

357	4

358	3

359	4

360	3

361	3

362	3

363	3

364	4

365	3

366	3

367	5

368	5

369	5

370	3

371	4

372	3

373	3

374	3

375	3

376	3

377	5

378	4

379	5

380	3

381	4

382	3

383	5

384	3

385	3

386	3

387	3

388	4

389	5

390	3

391	4

392	5

393	3

394	4

395	3

396	4

397	5

398	4

399	3

400	4

401	4

402	4

403	3

404	4

405	3

406	4

407	4

408	4

409	4

410	4

411	4

412	3

413	4

414	4

415	4

416	3

417	3

418	4

419	3

420	4

421	3

422	3

423	4

424	4

425	4

426	4

427	4

428	4

429	3

430	3

431	4

432	4

433	3

434	3

435	4

436	4

437	4

438	3

439	3

440	4

441	4

442	3

443	4

444	4

445	3

446	4

447	4

448	4

449	4

450	3

451	4

452	4

453	5

454	4

455	5

456	4

457	3

458	4

459	4

460	3

461	4

462	4

463	4

464	4

465	3

466	4

467	5

468	4

469	4

470	3

471	4

472	3

473	3

474	4

475	4

476	5

477	4

478	4

479	5

480	3

481	3

482	4

483	4

484	3

485	3

486	4

487	4

488	4

489	4

490	4

491	3

492	3

493	3

494	3

495	4

496	4

497	4

498	4

499	4

500	4

501	4

502	3

503	3

504	5

505	4

506	3

507	3

508	4

509	4

510	3

511	4

512	4

513	4

514	3

515	5

516	4

517	4

518	5

519	5

520	4

521	3

522	5

523	5

524	3

525	3

526	3

527	4

528	3

529	3

530	4

531	3

532	3

533	4

534	3

535	3

536	3

537	3

538	3

539	4

540	3

541	3

542	3

543	4

544	4

545	5

546	4

547	4

548	3

549	5

550	5

551	4

552	3

553	3

554	5

555	4

556	3

557	5

558	3

559	3

560	3

561	3

562	3

563	3

564	5

565	3

566	3

567	4

568	4

569	4

570	4

571	4

572	4

573	4

574	5

575	4

576	4

577	4

578	3

579	4

580	3

581	4

582	4

583	4

584	4

585	3

586	4

587	3

588	4

589	3

590	4

591	4

592	3

593	3

594	3

595	4

596	3

597	4

598	4

599	4

600	4

601	4

602	4

603	4

604	4

605	3

606	3

607	4

608	4

609	4

610	4

611	3

612	3

613	3

614	5

615	3

616	4

617	4

618	4

619	3

620	5

621	3

622	5

623	3

624	4

625	4

626	3

627	4

628	4

629	4

630	3

631	3

632	4

633	3

634	3

635	4

636	4

637	3

638	4

639	4

640	4

641	4

642	4

643	3

644	5

645	3

646	5

647	4

648	3

649	4

650	4

651	4

652	4

653	4

654	4

655	4

656	3

657	4

658	4

659	4

660	4

661	3

662	4

663	4

664	4

665	4

666	3

667	5

668	4

669	3

670	4

671	3

672	4

673	4

674	4

675	4

676	4

677	4

678	4

679	3

680	4

681	4

682	4

683	3

684	4

685	3

686	4

687	4

688	4

689	3

690	4

691	4

692	4

693	4

694	3

695	3

696	3

697	3

698	5

699	4

700	3

701	4

702	4

703	4

704	4

705	4

706	3

707	3

708	3

709	4

710	3

711	3

712	5

713	5

714	3

715	3

716	4

717	4

718	3

719	4

720	4

721	4

722	3

723	3

724	3

725	3

726	3

727	4

728	3

729	4

730	3

731	5

732	4

733	3

734	3

735	3

736	3

737	4

738	3

739	4

740	4

741	5

742	4

743	3

744	4

745	4

746	4

747	4

748	4

749	3

750	3

751	3

752	3

753	4

754	5

755	4

756	3

757	3

758	3

759	4

760	3

761	4

762	3

763	4

764	4

765	4

766	3

767	3

768	3

769	3

770	4

771	4

772	4

773	4

774	5

775	4

776	4

777	4

778	3

779	4

780	5

781	4

782	4

783	3

784	4

785	4

786	4

787	3

788	4

789	3

790	4

791	3

792	3

793	4

794	4

795	3

796	5

797	5

798	5

799	4

800	3

801	4

802	4

803	3

804	3

805	4

806	4

807	4

808	3

809	3

810	4

811	4

812	3

813	3

814	3

815	5

816	4

817	3

818	3

819	5

820	3

821	4

822	4

823	3

824	3

825	3

826	4

827	4

828	4

829	3

830	3

831	4

832	3

833	4

834	4

835	3

836	4

837	4

838	4

839	3

840	3

841	4

842	3

843	4

844	3

845	3

846	3

847	5

848	4

849	3

850	4

851	4

852	4

853	5

854	3

855	3

856	3

857	4

858	5

859	4

860	4

861	4

862	3

863	3

864	3

865	3

866	4

867	4

868	4

869	3

870	3

871	4

872	3

873	4

874	4

875	3

876	4

877	3

878	4

879	4

880	4

881	4

882	3

883	5

884	3

885	4

886	4

887	3

888	4

889	4

890	4

891	3

892	3

893	3

894	4

895	4

896	4

897	3

898	4

899	3

900	4

901	4

902	4

903	4

904	5

905	4

906	4

907	4

908	3

909	4

910	4

911	3

912	4

913	4

914	3

915	4

916	3

917	3

918	4

919	4

920	3

921	3

922	3

923	4

924	4

925	4

926	3

927	4

928	4

929	4

930	3

931	3

932	3

933	4

934	4

935	3

936	3

937	4

938	4

939	3

940	3

941	3

942	3

943	4

944	3

945	4

946	4

947	4

948	3

949	4

950	4

951	3

952	3

953	4

954	3

955	3

956	4

957	4

958	4

959	4

960	3

961	4

962	3

963	4

964	3

965	5

966	4

967	5

968	3

969	3

970	4

971	4

972	4

973	3

974	3

975	3

976	4

977	4

978	3

979	4

980	3

981	3

982	4

983	4

984	4

985	3

986	3

987	4

988	3

989	3

990	4

991	3

992	3

993	3

994	4

995	4

996	4

997	4

998	3

999	4

1000	3

1001	4

1002	3

1003	3

1004	3

1005	5

1006	4

1007	3

1008	4

1009	3

1010	3

1011	4

1012	3

1013	4

1014	4

1015	3

1016	4

1017	3

1018	3

1019	3

1020	3

1021	5

1022	4

1023	4

1024	5

1025	3

1026	3

1027	4

1028	4

1029	5

1030	3

1031	4

1032	4

1033	4

1034	4

1035	3

1036	4

1037	3

1038	4

1039	3

1040	5

1041	4

1042	3

1043	4

1044	3

1045	3

1046	4

1047	5

1048	4

1049	4

1050	4

1051	4

1052	4

1053	3

1054	3

1055	3

1056	3

1057	4

1058	3

1059	3

1060	3

1061	3

1062	3

1063	3

1064	3

1065	5

1066	3

1067	4

1068	3

1069	4

1070	3

1071	3

1072	3

1073	3

1074	4

1075	3

1076	3

1077	4

1078	4

1079	4

1080	3

1081	3

1082	3

1083	4

1084	4

1085	4

1086	4

1087	3

1088	4

1089	3

1090	4

1091	3

1092	3

1093	4

1094	3

1095	4

1096	4

1097	5

1098	4

1099	3

1100	4

1101	4

1102	4

1103	3

1104	4

1105	4

1106	3

1107	3

1108	5

1109	4

1110	3

1111	4

1112	4

1113	3

1114	4

1115	4

1116	3

1117	3

1118	4

1119	4

1120	4

1121	4

1122	3

1123	4

1124	4

1125	3

1126	4

1127	5

1128	4

1129	3

1130	4

1131	3

1132	3

1133	4

1134	3

1135	4

1136	3

1137	5

1138	4

1139	3

1140	3

1141	3

1142	3

1143	3

1144	4

1145	4

1146	4

1147	4

1148	4

1149	3

1150	3

1151	4

1152	4

1153	3

1154	4

1155	4

1156	3

1157	4

1158	4

1159	3

1160	4

1161	5

1162	4

1163	4

1164	4

1165	4

1166	3

1167	4

1168	4

1169	3

1170	4

1171	4

1172	4

1173	4

1174	3

1175	3

1176	4

1177	4

1178	3

1179	3

1180	3

1181	3

1182	3

1183	4

1184	4

1185	4

1186	4

1187	4

1188	4

1189	5

1190	4

1191	4

1192	5

1193	5

1194	5

1195	3

1196	4

1197	3

1198	3

1199	4

1200	4

1201	4

1202	3

1203	4

1204	5

1205	3

1206	4

1207	3

1208	3

1209	3

1210	5

1211	4

1212	4

1213	4

1214	5

1215	5

1216	3

1217	4

1218	4

1219	3

1220	5

1221	5

1222	3

1223	4

1224	4

1225	5

1226	3

1227	4

1228	5

1229	5

1230	4

1231	5

1232	3

1233	5

1234	3

1235	3

1236	5

1237	5

1238	3

1239	4

1240	4

1241	3

1242	4

1243	4

1244	4

1245	4

1246	4

1247	4

1248	4

1249	3

1250	4

1251	4

1252	3

1253	4

1254	4

1255	4

1256	3

1257	3

1258	4

1259	3

1260	4

1261	3

1262	4

1263	4

1264	4

1265	3

1266	3

1267	3

1268	4

1269	4

1270	4

1271	3

1272	4

1273	4

1274	4

1275	4

1276	3

1277	3

1278	5

1279	4

1280	5

1281	4

1282	3

1283	4

1284	3

1285	3

1286	4

1287	4

1288	4

1289	4

1290	4

1291	4

1292	4

1293	4

1294	5

1295	4

1296	3

1297	3

1298	4

1299	4

1300	4

1301	4

1302	4

1303	4

1304	4

1305	4

1306	4

1307	4

1308	3

1309	3

1310	3

1311	3

1312	4

1313	3

1314	3

1315	4

1316	4

1317	3

1318	3

1319	3

1320	4

1321	5

1322	3

1323	4

1324	3

1325	3

1326	4

1327	4

1328	3

1329	3

1330	5

1331	4

1332	3

1333	4

1334	3

1335	3

1336	4

1337	3

1338	3

1339	5

1340	4

1341	3

1342	4

1343	3

1344	3

1345	4

1346	4

1347	3

1348	3

1349	4

1350	3

1351	4

1352	4

1353	4

1354	4

1355	4

1356	3

1357	4

1358	4

1359	5

1360	5

1361	4

1362	3

1363	4

1364	4

1365	4

1366	4

1367	4

1368	4

1369	4

1370	4

1371	4

1372	4

1373	3

1374	4

1375	3

1376	5

1377	4

1378	3

1379	4

1380	5

1381	3

1382	4

1383	4

1384	3

1385	5

1386	4

1387	5

1388	4

1389	4

1390	4

1391	4

1392	5

1393	4

1394	5

1395	4

1396	5

1397	4

1398	3

1399	4

1400	5

1401	3

1402	3

1403	3

1404	4

1405	3

1406	4

1407	3

1408	3

1409	3

1410	3

1411	5

1412	4

1413	3

1414	5

1415	4

1416	4

1417	4

1418	4

1419	4

1420	3

1421	4

1422	4

1423	4

1424	3

1425	3

1426	4

1427	5

1428	3

1429	4

1430	3

1431	4

1432	3

1433	4

1434	4

1435	4

1436	3

1437	3

1438	3

1439	4

1440	3

1441	4

1442	4

1443	3

1444	4

1445	3

1446	4

1447	4

1448	3

1449	4

1450	3

1451	3

1452	3

1453	3

1454	4

1455	3

1456	4

1457	5

1458	4

1459	3

1460	4

1461	5

1462	3

1463	3

1464	3

1465	4

1466	3

1467	3

1468	4

1469	4

1470	4

1471	3

1472	4

1473	3

1474	3

1475	3

1476	3

1477	3

1478	3

1479	3

1480	3

1481	4

1482	4

1483	3

1484	3

1485	4

1486	3

1487	3

1488	4

1489	3

1490	4

1491	3

1492	3

1493	4

1494	4

1495	4

1496	4

1497	4

1498	3

1499	3

1500	5

1501	3

1502	4

1503	3

1504	5

1505	3

1506	4

1507	3

1508	4

1509	4

1510	3

1511	3

1512	4

1513	4

1514	5

1515	4

1516	5

1517	5

1518	3

1519	5

1520	4

1521	4

1522	3

1523	4

1524	3

1525	3

1526	4

1527	3

1528	3

1529	5

1530	3

1531	3

1532	4

1533	3

1534	4

1535	3

1536	4

1537	4

1538	4

1539	3

1540	3

1541	4

1542	3

1543	5

1544	3

1545	4

1546	3

1547	3

1548	4

1549	4

1550	3

1551	3

1552	3

1553	5

1554	4

1555	5

1556	3

1557	4

1558	3

1559	4

1560	4

1561	4

1562	5

1563	3

1564	4

1565	4

1566	3

1567	4

1568	5

1569	5

1570	4

1571	3

1572	3

1573	4

1574	3

1575	4

1576	3

1577	4

1578	5

1579	3

1580	3

1581	4

1582	4

1583	5

1584	3

1585	4

1586	4

1587	4

1588	3

1589	4

1590	3

1591	5

1592	3

1593	5

1594	3

1595	3

1596	5

1597	4

1598	3

1599	4

1600	4

1601	3

1602	3

1603	4

1604	4

1605	4

1606	4

1607	4

1608	3

1609	3

1610	3

1611	3

1612	4

1613	3

1614	3

1615	3

1616	3

1617	4

1618	3

1619	3

1620	4

1621	4

1622	3

1623	4

1624	4

1625	4

1626	3

1627	4

1628	3

1629	4

1630	3

1631	4

1632	4

1633	4

1634	4

1635	3

1636	3

1637	3

1638	3

1639	3

1640	5

1641	3

1642	4

1643	3

1644	3

1645	3

1646	3

1647	4

1648	4

1649	3

1650	4

1651	4

1652	5

1653	3

1654	3

1655	4

1656	5

1657	4

1658	3

1659	4

1660	3

1661	4

1662	4

1663	3

1664	4

1665	4

1666	4

1667	4

1668	3

1669	3

1670	4

1671	3

1672	3

1673	4

1674	3

1675	3

1676	4

1677	5

1678	4

1679	3

1680	4

1681	3

1682	3

1683	3

1684	4

1685	3

1686	3

1687	4

1688	3

1689	3

1690	3

1691	4

1692	4

1693	3

1694	3

1695	4

1696	3

1697	3

1698	3

1699	3

1700	3

1701	3

1702	4

1703	3

1704	3

1705	5

1706	5

1707	3

1708	4

1709	3

1710	4

1711	4

Classified Sentiment:3.675	Accuracy:88.7326989619