350	4

351	4

352	4

353	4

354	4

355	4

356	4

357	5

358	4

359	4

360	4

361	4

362	4

363	4

364	3

365	4

366	3

367	4

368	4

369	3

370	4

371	4

372	4

373	4

374	4

375	4

376	4

377	4

378	4

379	4

380	4

381	4

382	3

383	4

384	3

385	4

386	4

387	4

388	4

389	4

390	4

391	4

392	4

393	4

394	4

395	4

396	4

397	4

398	4

399	4

400	3

401	5

402	4

403	5

404	3

405	5

406	4

407	4

408	4

409	4

410	4

411	4

412	3

413	4

414	4

415	3

416	5

417	4

418	4

419	4

420	4

421	4

422	4

423	4

424	4

425	4

426	4

427	4

428	4

429	4

430	4

431	4

432	4

433	4

434	4

435	3

436	4

437	4

438	4

439	5

440	4

441	3

442	4

443	4

444	3

445	4

446	3

447	4

448	3

449	4

450	3

451	3

452	4

453	4

454	4

455	4

456	3

457	3

458	4

459	3

460	4

461	4

462	4

463	4

464	3

465	4

466	4

467	4

468	3

469	3

470	4

471	4

472	4

473	4

474	4

475	4

476	4

477	3

478	4

479	4

480	3

481	4

482	3

483	3

484	4

485	3

486	4

487	3

488	4

489	4

490	3

491	3

492	4

493	4

494	4

495	3

496	4

497	4

498	4

499	4

500	3

501	4

502	5

503	4

504	4

505	4

506	4

507	4

508	3

509	4

510	4

511	4

512	4

513	3

514	4

515	4

516	4

517	4

518	4

519	4

520	4

521	4

522	4

523	4

524	4

525	3

526	4

527	4

528	4

529	4

530	4

531	4

532	4

533	4

534	4

535	4

536	3

537	4

538	4

539	4

540	4

541	4

542	3

543	4

544	4

545	4

546	3

547	4

548	3

549	4

550	4

551	4

552	4

553	3

554	4

555	4

556	3

557	4

558	4

559	4

560	4

561	3

562	4

563	4

564	4

565	3

566	4

567	4

568	4

569	4

570	4

571	4

572	4

573	4

574	4

575	4

576	4

577	4

578	4

579	4

580	4

581	3

582	4

583	4

584	4

585	4

586	4

587	3

588	4

589	4

590	5

591	4

592	4

593	3

594	4

595	4

596	4

597	4

598	4

599	4

600	4

601	4

602	4

603	4

604	4

605	3

606	4

607	4

608	4

609	5

610	4

611	4

612	4

613	4

614	4

615	3

616	4

617	4

618	4

619	3

620	4

621	4

622	4

623	3

624	4

625	4

626	4

627	4

628	3

629	3

630	4

631	4

632	4

633	3

634	3

635	4

636	4

637	3

638	4

639	4

640	4

641	3

642	3

643	4

644	4

645	3

646	3

647	3

648	4

649	4

650	4

651	4

652	3

653	4

654	4

655	3

656	4

657	4

658	3

659	4

660	4

661	4

662	4

663	4

664	4

665	3

666	4

667	4

668	3

669	4

670	4

671	4

672	4

673	4

674	3

675	4

676	3

677	4

678	4

679	3

680	4

681	4

682	4

683	4

684	4

685	4

686	4

687	4

688	4

689	3

690	3

691	3

692	4

693	3

694	4

695	4

696	4

697	3

698	4

699	4

700	4

701	4

702	4

703	4

704	3

705	4

706	4

707	3

708	4

709	4

710	4

711	4

712	4

713	4

714	4

715	4

716	4

717	4

718	4

719	4

720	4

721	4

722	4

723	4

724	4

725	4

726	3

727	4

728	4

729	4

730	3

731	3

732	4

733	4

734	3

735	4

736	3

737	4

738	4

739	4

740	5

741	4

742	5

743	4

744	4

745	4

746	4

747	5

748	4

749	3

750	4

751	4

752	4

753	4

754	3

755	4

756	3

757	3

758	3

759	3

760	4

761	4

762	3

763	4

764	3

765	3

766	4

767	4

768	4

769	4

770	4

771	4

772	4

773	4

774	3

775	3

776	4

777	4

778	3

779	3

780	4

781	3

782	3

783	4

784	4

785	4

786	4

787	3

788	4

789	4

790	4

791	4

792	4

793	4

794	4

795	4

796	4

797	3

798	3

799	4

800	3

801	4

802	4

803	4

804	4

805	4

806	4

807	4

808	4

809	4

810	4

811	4

812	4

813	4

814	5

815	4

816	4

817	3

818	4

819	4

820	4

821	3

822	4

823	4

824	3

825	4

826	4

827	4

828	4

829	3

830	4

831	4

832	3

833	4

834	4

835	4

836	4

837	4

838	4

839	4

840	4

841	4

842	4

843	4

844	4

845	3

846	3

847	4

848	4

849	4

850	4

851	4

852	3

853	4

854	4

855	3

856	4

857	4

858	4

859	3

860	4

861	4

862	4

863	4

864	5

865	4

866	5

867	4

868	3

869	4

870	4

871	4

872	4

873	3

874	5

875	5

876	3

877	4

878	5

879	4

880	5

881	4

882	4

883	4

884	4

885	5

886	4

887	4

888	5

889	4

890	3

891	4

892	4

893	4

894	4

895	4

896	4

897	3

898	4

899	4

900	4

901	3

902	4

903	3

904	4

905	5

906	3

907	4

908	3

909	5

910	4

911	4

912	5

913	3

914	5

915	3

916	3

917	4

918	3

919	4

920	3

921	5

922	4

923	5

924	4

925	4

926	5

927	4

928	4

929	4

930	4

931	4

932	3

933	4

934	4

935	4

936	3

937	4

938	4

939	4

940	4

941	3

942	4

943	4

944	4

945	3

946	4

947	4

948	4

949	4

950	4

951	4

952	3

953	4

954	4

955	4

956	4

957	5

958	4

959	4

960	4

961	5

962	4

963	4

964	5

965	4

966	5

967	4

968	5

969	4

970	3

971	5

972	4

973	4

974	4

975	5

976	4

977	4

978	4

979	3

980	4

981	4

982	4

983	5

984	4

985	4

986	4

987	4

988	4

989	4

990	4

991	3

992	4

993	4

994	4

995	4

996	4

997	3

998	4

999	3

1000	4

1001	4

1002	3

1003	4

1004	3

1005	4

1006	3

1007	4

1008	4

1009	3

1010	4

1011	3

1012	3

1013	4

1014	5

1015	4

1016	4

1017	4

1018	4

1019	3

1020	4

1021	4

1022	3

1023	4

1024	4

1025	3

1026	4

1027	4

1028	3

1029	4

1030	4

1031	4

1032	4

1033	4

1034	4

1035	4

1036	3

1037	4

1038	4

1039	4

1040	4

1041	4

1042	3

1043	4

1044	4

1045	4

1046	5

1047	4

1048	3

1049	5

1050	4

1051	4

1052	4

1053	4

1054	4

1055	5

1056	3

1057	3

1058	5

1059	4

1060	5

1061	4

1062	4

1063	4

1064	4

1065	4

1066	3

1067	4

1068	3

1069	4

1070	4

1071	3

1072	4

1073	4

1074	4

1075	4

1076	3

1077	4

1078	3

1079	5

1080	5

1081	3

1082	3

1083	3

1084	4

1085	4

1086	3

1087	4

1088	4

1089	3

1090	4

1091	4

1092	4

1093	4

1094	4

1095	4

1096	4

1097	3

1098	4

1099	4

1100	4

1101	4

1102	3

1103	4

1104	4

1105	4

1106	3

1107	4

1108	4

1109	5

1110	5

1111	5

1112	5

1113	4

1114	4

1115	5

1116	4

1117	3

1118	4

1119	4

1120	4

1121	4

1122	4

1123	4

1124	4

1125	4

1126	4

1127	3

1128	3

1129	4

1130	4

1131	4

1132	4

1133	5

1134	4

1135	3

1136	4

1137	4

1138	4

1139	4

1140	5

1141	4

1142	4

1143	4

1144	4

1145	3

1146	4

1147	5

1148	4

1149	5

1150	4

1151	3

1152	4

1153	3

1154	4

1155	5

1156	4

1157	4

1158	4

1159	4

1160	4

1161	4

1162	4

1163	4

1164	4

1165	4

1166	4

1167	4

1168	4

1169	3

1170	4

1171	3

1172	3

1173	5

1174	4

1175	3

1176	4

1177	4

1178	3

1179	4

1180	4

1181	4

1182	4

1183	4

1184	3

1185	4

1186	4

1187	3

1188	4

1189	3

1190	3

1191	3

1192	4

1193	4

1194	4

1195	4

1196	4

1197	4

1198	4

1199	4

1200	4

1201	4

1202	4

1203	3

1204	4

1205	4

1206	4

1207	4

1208	4

1209	5

1210	4

1211	4

1212	4

1213	4

1214	4

1215	4

1216	5

1217	4

1218	4

1219	4

1220	4

1221	4

1222	4

1223	4

1224	3

1225	4

1226	4

1227	4

1228	3

1229	4

1230	4

1231	4

1232	4

1233	3

1234	4

1235	4

1236	4

1237	4

1238	4

1239	4

1240	4

1241	4

1242	4

1243	4

1244	4

1245	5

1246	4

1247	4

1248	5

1249	4

1250	4

1251	5

1252	4

1253	3

1254	4

1255	3

1256	4

1257	4

1258	3

1259	4

1260	4

1261	4

1262	4

1263	4

1264	3

1265	4

1266	4

1267	4

1268	3

1269	4

1270	4

1271	4

1272	4

1273	3

1274	3

1275	4

1276	4

1277	4

1278	4

1279	5

1280	4

1281	3

1282	3

1283	4

1284	4

1285	4

1286	4

1287	3

1288	5

1289	3

1290	4

1291	3

1292	4

1293	4

1294	4

1295	3

1296	4

1297	4

1298	4

1299	4

1300	4

1301	3

1302	4

1303	4

1304	3

1305	4

1306	4

1307	4

1308	4

1309	4

1310	3

1311	3

1312	4

1313	4

1314	4

1315	3

1316	4

1317	4

1318	4

1319	4

1320	4

1321	4

1322	4

1323	4

1324	3

1325	3

1326	4

1327	4

1328	4

1329	3

1330	3

1331	4

1332	4

1333	4

1334	3

1335	4

1336	4

1337	4

1338	4

1339	4

1340	5

1341	4

1342	3

1343	4

1344	4

1345	4

1346	4

1347	4

1348	4

1349	3

1350	4

1351	3

1352	4

1353	4

1354	4

1355	3

1356	4

1357	4

1358	3

1359	4

1360	5

1361	4

1362	4

1363	4

1364	4

1365	4

1366	4

1367	5

1368	5

1369	4

1370	4

1371	4

1372	3

1373	4

1374	4

1375	4

1376	3

1377	4

1378	4

1379	4

1380	4

1381	4

1382	4

1383	4

1384	4

1385	4

1386	4

1387	4

1388	4

1389	4

1390	4

1391	4

1392	5

1393	3

1394	4

1395	5

1396	4

1397	4

1398	4

1399	4

1400	4

1401	4

1402	4

1403	4

1404	4

1405	4

1406	3

1407	4

1408	3

1409	4

1410	4

1411	4

1412	3

1413	4

1414	4

1415	3

1416	4

1417	3

1418	4

1419	4

1420	5

1421	4

1422	4

1423	4

1424	5

1425	4

1426	4

1427	4

1428	4

1429	3

1430	4

1431	4

1432	4

1433	3

1434	3

1435	4

1436	4

1437	4

1438	3

1439	4

1440	4

1441	3

1442	3

1443	4

1444	5

1445	4

1446	4

1447	4

1448	4

1449	3

1450	4

1451	3

1452	3

1453	3

1454	4

1455	3

1456	4

1457	3

1458	4

1459	3

1460	4

1461	4

1462	4

1463	3

1464	4

1465	4

1466	4

1467	4

1468	4

1469	4

1470	4

1471	3

1472	3

1473	4

1474	4

1475	4

1476	4

1477	4

1478	5

1479	3

1480	4

1481	4

1482	4

1483	4

1484	4

1485	4

1486	4

1487	4

1488	3

1489	4

1490	4

1491	4

1492	4

1493	4

1494	4

1495	4

1496	4

1497	4

1498	3

1499	4

1500	4

1501	4

1502	4

1503	4

1504	4

1505	3

1506	4

1507	4

1508	3

1509	3

1510	3

1511	4

1512	4

1513	4

1514	4

1515	4

1516	4

1517	4

1518	4

1519	4

1520	4

1521	3

1522	3

1523	3

1524	4

1525	4

1526	4

1527	5

1528	4

1529	4

1530	4

1531	3

1532	3

1533	4

1534	4

1535	3

1536	4

1537	4

1538	4

1539	4

1540	4

1541	4

1542	4

1543	3

1544	4

1545	4

1546	4

1547	4

1548	4

1549	3

1550	4

1551	4

1552	4

1553	5

1554	4

1555	4

1556	5

1557	4

1558	5

1559	4

1560	4

1561	4

1562	5

1563	4

1564	4

1565	4

1566	4

1567	4

1568	4

1569	3

1570	4

1571	4

1572	4

1573	4

1574	4

1575	4

1576	4

1577	4

1578	4

1579	4

1580	3

1581	4

1582	4

1583	4

1584	4

1585	4

1586	4

1587	4

1588	4

1589	4

1590	4

1591	3

1592	3

1593	4

1594	4

1595	3

1596	4

1597	4

1598	4

1599	4

1600	5

1601	4

1602	5

1603	4

1604	4

1605	5

1606	4

1607	4

1608	4

1609	4

1610	4

1611	3

1612	4

1613	4

1614	4

1615	5

1616	4

1617	3

1618	4

1619	4

1620	4

1621	4

1622	3

1623	5

1624	4

1625	4

1626	3

1627	3

1628	4

1629	4

1630	4

1631	4

1632	4

1633	4

1634	4

1635	4

1636	3

1637	4

1638	4

1639	3

1640	3

1641	5

1642	3

1643	4

1644	4

1645	3

1646	5

1647	3

1648	5

1649	3

1650	4

1651	4

1652	4

1653	4

1654	4

1655	4

1656	4

1657	4

1658	4

1659	4

1660	4

1661	4

1662	4

1663	4

1664	4

1665	4

1666	4

1667	3

1668	4

1669	4

1670	3

1671	3

1672	5

1673	4

1674	4

1675	4

1676	4

1677	3

1678	4

1679	3

1680	4

1681	4

1682	4

1683	4

1684	5

1685	3

1686	5

1687	4

1688	4

1689	4

1690	4

1691	5

1692	4

1693	4

1694	4

1695	3

1696	4

1697	4

1698	4

1699	4

1700	4

1701	4

1702	3

1703	3

1704	4

1705	5

1706	5

1707	5

1708	4

1709	5

1710	4

1711	5

1712	3

1713	4

1714	3

1715	5

1716	4

1717	4

1718	4

1719	3

1720	4

1721	4

1722	4

1723	3

1724	5

1725	3

1726	4

1727	4

1728	4

1729	3

1730	3

1731	4

1732	4

1733	4

1734	4

1735	3

1736	3

1737	4

1738	4

1739	4

1740	4

1741	4

1742	3

1743	3

1744	4

1745	4

1746	3

1747	4

1748	4

1749	4

1750	4

1751	4

1752	3

1753	4

1754	3

1755	4

1756	4

1757	4

1758	4

1759	3

1760	4

1761	5

1762	3

1763	4

1764	4

1765	4

1766	4

1767	3

1768	3

1769	4

1770	4

1771	4

1772	3

1773	4

1774	4

1775	4

1776	4

1777	4

1778	4

1779	4

1780	4

1781	4

1782	3

1783	3

1784	4

1785	4

1786	4

1787	4

1788	4

1789	4

1790	3

1791	3

1792	4

1793	4

1794	3

1795	4

1796	4

1797	4

1798	4

1799	4

1800	4

1801	3

1802	4

1803	4

1804	4

1805	4

1806	3

1807	4

1808	4

1809	4

1810	4

1811	4

1812	4

1813	4

1814	4

1815	4

1816	3

1817	4

1818	3

1819	4

1820	4

1821	3

1822	3

1823	4

1824	4

1825	4

1826	4

1827	3

1828	5

1829	4

1830	4

1831	4

1832	4

1833	4

1834	4

1835	4

1836	4

1837	4

1838	3

1839	4

1840	5

1841	3

1842	5

1843	4

1844	4

1845	3

1846	4

1847	4

1848	4

1849	4

1850	5

1851	4

1852	4

1853	4

1854	4

1855	4

1856	4

1857	3

1858	4

1859	4

1860	4

1861	3

1862	4

1863	4

1864	4

1865	4

1866	4

1867	4

1868	4

1869	4

1870	4

1871	3

1872	3

1873	4

1874	4

1875	3

1876	4

1877	5

1878	3

1879	3

1880	4

1881	4

1882	4

1883	4

1884	4

1885	5

1886	3

1887	3

1888	4

1889	4

1890	4

1891	4

1892	3

1893	4

1894	3

1895	3

1896	4

1897	4

1898	3

1899	4

1900	4

1901	4

1902	3

1903	5

1904	4

1905	4

1906	4

1907	3

1908	4

1909	4

1910	3

1911	4

1912	3

1913	4

1914	4

1915	4

1916	4

1917	4

1918	4

1919	4

1920	4

1921	4

1922	4

1923	4

1924	3

1925	4

1926	4

1927	4

1928	4

1929	4

1930	4

1931	4

1932	4

1933	3

1934	4

1935	4

1936	4

1937	3

1938	4

1939	4

1940	4

1941	4

1942	4

1943	4

1944	4

1945	3

1946	4

1947	4

1948	4

1949	3

1950	4

1951	4

1952	4

1953	4

1954	4

1955	3

1956	3

1957	4

1958	3

1959	4

1960	4

1961	5

1962	3

1963	4

1964	3

1965	3

1966	3

1967	3

1968	4

1969	4

1970	4

1971	3

1972	4

1973	4

1974	4

1975	4

1976	4

1977	4

1978	3

1979	4

1980	4

1981	4

1982	4

1983	3

1984	4

1985	3

1986	3

1987	4

1988	3

1989	4

1990	4

1991	4

1992	4

1993	3

1994	3

1995	3

1996	3

1997	4

1998	4

1999	3

2000	4

2001	4

2002	3

2003	3

2004	4

2005	3

2006	3

2007	4

2008	3

2009	4

2010	4

2011	4

2012	3

2013	4

2014	3

2015	4

2016	4

2017	4

2018	4

2019	4

2020	4

2021	3

2022	3

2023	4

2024	5

2025	3

2026	3

2027	4

2028	3

2029	4

2030	4

2031	3

2032	4

2033	5

2034	4

2035	3

2036	3

2037	4

2038	4

2039	5

2040	4

2041	4

2042	5

2043	3

2044	5

2045	5

2046	3

2047	5

2048	4

2049	3

2050	4

2051	4

2052	4

2053	5

2054	4

2055	4

2056	4

2057	4

2058	4

2059	4

2060	3

2061	3

2062	5

2063	4

2064	5

2065	4

2066	4

2067	5

2068	4

2069	4

2070	4

2071	4

2072	4

2073	3

2074	4

2075	4

2076	4

2077	4

2078	4

2079	4

2080	4

2081	4

2082	4

2083	4

2084	3

2085	4

2086	4

2087	4

2088	4

2089	4

2090	4

2091	4

2092	5

2093	4

2094	4

2095	4

2096	3

2097	4

2098	4

2099	4

2100	4

2101	4

2102	3

2103	4

2104	3

2105	4

2106	4

2107	3

2108	4

2109	4

2110	4

2111	4

2112	4

2113	4

2114	4

2115	4

2116	4

2117	3

2118	4

2119	3

2120	5

2121	4

2122	3

2123	4

2124	4

2125	4

2126	4

2127	3

2128	5

2129	3

2130	3

2131	4

2132	5

2133	4

2134	4

2135	4

2136	4

2137	5

2138	4

2139	4

2140	4

2141	4

2142	4

2143	4

2144	4

2145	4

2146	4

2147	3

2148	4

2149	3

2150	3

2151	4

2152	4

2153	4

2154	3

2155	4

2156	3

2157	4

2158	4

2159	3

2160	5

2161	3

2162	4

2163	4

2164	5

2165	3

2166	4

2167	4

2168	4

2169	4

2170	3

2171	3

2172	5

2173	3

2174	4

2175	4

2176	3

2177	4

2178	3

2179	4

2180	4

2181	4

2182	4

2183	4

2184	3

2185	4

2186	4

2187	4

2188	4

2189	4

2190	4

2191	4

2192	4

2193	4

2194	4

2195	4

2196	4

2197	4

2198	4

2199	4

2200	4

2201	3

2202	4

2203	4

2204	3

2205	4

2206	4

2207	4

2208	4

2209	5

2210	4

2211	4

2212	4

2213	3

2214	4

2215	4

2216	4

2217	4

2218	4

2219	3

2220	4

2221	4

2222	5

2223	3

2224	5

2225	4

2226	4

2227	4

2228	4

2229	4

2230	4

2231	3

2232	4

2233	3

2234	3

2235	3

2236	3

2237	4

2238	4

2239	4

2240	4

2241	4

2242	3

2243	3

2244	5

2245	4

2246	3

2247	4

2248	4

2249	4

2250	3

2251	4

2252	3

2253	3

2254	4

2255	4

2256	3

2257	4

2258	4

2259	4

2260	4

2261	4

2262	4

2263	4

2264	3

2265	4

2266	4

2267	3

2268	5

2269	4

2270	4

2271	4

2272	4

2273	4

2274	4

2275	4

2276	4

2277	4

2278	4

2279	4

2280	4

2281	4

2282	5

2283	3

2284	4

2285	5

2286	4

2287	4

2288	4

2289	4

2290	3

2291	4

2292	4

2293	4

2294	4

2295	3

2296	4

2297	4

2298	4

2299	3

2300	5

2301	3

2302	4

2303	4

2304	4

2305	4

2306	4

2307	4

2308	4

2309	3

2310	4

2311	4

2312	3

2313	4

2314	4

2315	4

2316	4

2317	4

2318	4

2319	4

2320	4

2321	3

2322	4

2323	4

2324	4

2325	4

2326	4

2327	4

2328	4

2329	4

Classified Sentiment:3.85303030303	Accuracy:74.4356977597